2024-04-01 15:11:16,dang,11,11,07883,29004,50597,79872,42215,87914,94133,0,11
2024-04-01 15:12:06,dang,11,11,27433,11380,37531,53836,01769,06879,29085,0,11
2024-04-01 15:12:37,dang,11,11,00034,61813,84495,20684,93091,73750,56613,0,11
2024-04-01 15:48:26,dang,11,22,33,11,03123,06293,72997,18143,24325,02989,58335,0,33
2024-04-01 16:21:02,dang,11,11,30374,76545,47307,10836,64298,56344,40171,0,11
2024-04-01 16:32:30,dang,45,65,23,78,23,1000,41146,57121,33960,64357,75181,68047,68730,0,5000
2024-04-01 16:33:55,dang,11,11,80923,44806,89885,87816,15649,21973,83646,0,11
2024-04-01 16:34:55,dang,34,54,23,67,23,89,45,23,68,89,1000,63460,70831,99404,70549,02874,49853,26056,0,10000
2024-04-01 16:35:35,dang,34,78,14,54,45,81,79,43,1000,84856,57941,58296,32421,48613,49947,83920,0,8000
2024-04-01 16:37:23,dang,45,43,42,46,67,89,98,76,54,32,10000,05018,67452,79260,41448,03600,10650,46959,0,100000
2024-04-01 16:42:01,dang,11,11,77203,61843,35429,48709,42292,86495,95437,0,11
2024-04-01 16:42:05,dang,22,22,64156,29084,38181,57959,58485,79795,81441,0,22
2024-04-01 17:11:56,dang,12,23,23,1000,66167,23182,28868,09574,28197,67821,56480,0,3000
2024-04-01 17:12:22,dang,13,43,23,1000,67100,60295,56065,79803,28651,15727,85611,0,3000
2024-04-01 17:12:31,dang,22,33,44,55,1000,74074,94513,10363,44032,72080,56146,77495,0,4000
2024-04-04 09:41:06,dang,11,22,33,44,55,62,32,12,34,23,45,67,1000,21439,70742,74084,90020,88234,68138,62785,70000,11000
2024-04-04 09:41:34,dang,23,44,56,78,90,100000,06474,34793,50392,70441,36662,86546,66565,0,500000
2024-04-04 09:53:06,dang,10,23,45,56,67,10000,91194,93153,22849,82879,43653,60201,07713,0,50000
2024-04-04 09:53:26,dang,11,22,33,44,55,66,77,89,1000,49861,56361,60299,66993,00351,71140,79656,0,8000
